0 239 776 138 304 1607 607 112 258 880 66 61 177 1651 103 62 192 717 226 73 185 1453 31 88 163 789 243 79 186 1792 183 79 173 285 299 79 181 1153 0 45 71 870 394 130 184 1569 909 156 163 881 476 141 165 1349 15 55 113 982 0 60 123 1345 45 58 97 1506 94 44 92 1326 0 34 50 
1 238 789 128 287 719 224 71 185 276 300 86 183 1607 611 112 251 882 62 58 184 1651 103 61 192 1454 30 88 164 791 233 72 188 1353 13 56 116 866 395 131 183 1152 0 45 71 1795 181 76 172 985 0 62 123 1349 47 58 95 1572 912 154 157 878 478 139 163 1509 93 41 93 1327 0 32 49 
2 238 789 128 287 719 224 71 185 276 300 86 183 1606 611 113 251 882 62 58 184 1651 103 61 191 1454 30 88 164 791 233 71 188 1353 13 56 116 866 395 130 184 1152 0 45 71 1795 180 76 173 985 0 62 123 1349 47 58 94 1572 912 154 157 878 478 139 163 1327 0 32 49 1509 93 41 93 
3 238 789 128 288 719 224 71 185 1606 611 113 251 276 300 86 183 882 62 58 184 1651 103 61 192 1454 30 88 164 791 233 71 187 1353 13 56 116 866 395 130 184 1152 0 45 71 1795 180 76 173 985 0 62 123 1349 47 58 94 1573 912 153 157 878 478 139 163 1327 0 32 49 1509 93 41 93 
4 885 63 58 182 223 801 135 270 721 224 70 180 1650 106 61 184 1604 612 121 249 270 294 92 193 1457 29 85 164 862 397 122 226 796 236 70 182 881 492 126 150 1356 11 56 121 1153 0 43 72 986 0 64 122 1794 177 78 172 1353 46 57 97 1571 930 157 146 1326 0 34 38 1507 93 41 91 
5 215 813 130 257 887 63 57 186 1649 109 61 177 855 393 123 240 1605 613 120 247 729 222 66 187 1457 28 88 164 800 236 72 182 876 491 122 154 260 295 96 192 1153 0 43 72 1356 6 62 126 285 231 91 251 1796 175 78 176 1355 49 58 92 1507 91 43 94 1574 934 151 143 986 0 66 119 1326 0 34 38 
6 212 816 125 257 1604 613 121 251 888 61 56 186 1649 107 60 180 848 394 118 244 806 236 75 182 1459 27 84 165 1361 4 62 127 255 301 94 187 873 491 114 155 734 219 65 191 1152 0 43 71 1358 54 56 84 988 0 66 120 1508 90 42 96 287 232 85 241 1573 934 153 143 1796 178 79 170 1325 0 33 49 637 985 152 91 
7 205 822 128 252 1649 104 59 180 890 57 54 189 1606 612 118 257 1456 25 89 166 815 235 72 182 847 394 119 241 735 220 67 193 987 0 69 120 1150 0 44 72 865 492 124 156 1363 56 55 79 252 290 98 201 1363 2 63 131 1508 90 43 94 278 235 91 236 1795 175 82 173 1325 0 34 38 638 980 154 96 1571 940 151 135 
8 837 400 128 235 1648 103 59 178 201 821 126 259 892 57 53 188 1610 620 117 263 737 217 69 195 1458 26 86 165 817 235 74 180 236 304 102 195 988 0 68 120 1368 54 53 81 858 511 120 152 638 973 153 102 1366 0 62 118 1324 0 35 39 1150 0 42 72 1510 92 41 91 1571 946 151 129 1795 177 83 169 304 229 84 175 
9 837 400 128 235 1648 103 59 178 200 821 126 259 891 58 55 187 1610 620 117 263 737 217 69 195 1458 26 86 164 817 235 74 180 236 305 102 193 988 0 68 120 858 511 120 152 1368 54 53 81 638 973 154 103 1366 0 62 117 1324 0 35 39 1150 0 42 72 1510 92 41 91 1571 946 151 129 305 229 83 174 1794 176 84 170 
10 834 406 126 232 737 218 69 191 1648 100 59 181 1607 622 122 262 197 825 122 253 893 58 54 184 821 234 71 179 1462 23 85 168 991 0 66 119 304 220 89 187 854 512 122 150 1323 0 36 39 1148 0 43 73 235 302 95 196 1380 0 57 117 640 972 159 104 1510 90 41 93 1372 51 52 81 1795 175 84 171 1251 0 28 12 
11 738 217 72 192 189 837 134 243 1606 631 128 257 824 233 72 179 830 407 132 230 1648 104 59 172 992 0 66 120 303 215 90 195 1463 22 82 169 1147 0 44 75 843 512 130 153 1383 0 55 115 642 970 157 105 896 71 62 159 1323 0 35 38 235 300 83 198 1512 89 39 93 1381 51 50 77 1795 171 86 173 
12 741 218 68 188 1609 636 123 257 184 843 121 234 830 231 68 179 828 409 128 229 1143 0 48 76 1465 19 81 175 995 0 63 118 1649 88 59 190 896 72 63 156 842 514 130 153 645 967 159 108 309 221 83 181 231 310 81 187 1323 0 36 37 1386 0 54 109 1513 91 38 91 1381 50 54 78 1813 176 76 129 
13 741 218 68 188 1609 636 124 257 184 843 121 234 830 231 68 179 828 409 128 229 1143 0 48 76 1465 20 81 174 1649 88 59 190 995 0 63 118 896 72 63 156 842 514 130 153 645 967 159 108 309 221 83 181 231 310 81 186 1323 0 36 37 1386 0 54 109 1513 91 38 91 1381 50 55 78 1813 176 76 129 
14 743 218 66 187 1610 639 123 262 181 848 115 230 835 229 66 180 821 414 120 232 1142 0 47 77 227 316 78 182 1648 85 61 193 840 515 130 153 897 71 63 156 1466 17 79 173 1390 0 54 107 1324 0 35 37 1000 0 57 117 646 958 161 116 313 228 82 171 1385 50 54 77 1514 89 35 92 1815 174 73 134 
15 743 218 66 186 181 848 115 230 1610 639 122 262 835 229 65 179 821 414 120 233 1141 0 48 77 227 316 78 182 1648 85 61 193 840 515 129 153 897 71 63 156 1466 17 79 174 1390 0 54 107 1324 0 35 37 646 958 161 116 1000 0 57 117 313 228 82 171 1385 50 54 77 1514 89 35 92 1815 174 73 134 
16 176 850 110 230 1610 645 126 258 744 214 67 184 1144 0 46 77 835 227 69 177 1649 83 60 196 223 314 78 184 891 76 81 148 839 516 131 155 1468 15 79 172 820 419 119 225 1393 0 55 105 1324 0 35 37 650 952 156 123 1000 0 58 117 313 230 86 170 1513 89 37 90 1387 51 55 75 1760 616 95 139 
17 156 856 118 223 1613 649 123 255 747 208 67 190 839 226 67 176 1141 0 48 77 215 315 78 186 1468 12 80 174 1649 84 59 195 901 73 63 151 1395 0 59 107 819 419 120 259 833 514 136 161 673 949 163 127 1324 0 36 38 315 230 88 168 1394 28 54 91 1513 90 37 88 1759 619 97 133 1824 173 64 132 1012 0 53 114 
18 145 865 129 214 1137 0 50 78 817 423 122 252 1614 651 125 251 1649 84 59 194 903 75 62 148 755 206 66 189 1468 10 83 176 213 328 78 186 832 514 132 163 1398 0 60 110 682 945 158 129 841 226 67 173 1324 0 37 38 1012 0 54 116 1510 90 41 87 1397 23 54 96 1758 621 97 131 317 235 87 162 1830 174 58 129 
19 140 870 132 208 815 430 122 242 202 322 84 201 1137 0 48 79 904 76 65 144 762 180 56 241 1468 9 85 169 1648 84 60 194 1614 654 126 249 841 226 68 171 691 938 149 136 1326 0 36 37 1403 0 54 108 832 520 132 159 1013 0 54 115 1401 28 52 88 1835 169 54 142 1758 622 96 132 1510 90 41 86 
20 136 875 131 202 812 426 126 249 1615 652 121 262 766 178 58 244 199 331 79 195 1134 0 51 80 1648 84 60 195 905 79 63 139 848 205 57 220 694 932 148 142 1471 10 83 167 827 519 137 162 1326 0 37 36 1408 0 51 107 1756 623 95 135 1406 31 49 83 1015 0 52 112 1509 89 42 87 
21 136 875 131 202 812 426 126 249 1615 652 121 262 766 178 58 244 199 331 79 195 1134 0 51 80 1648 84 60 194 905 78 64 140 848 206 57 217 694 932 148 142 1471 10 83 166 827 519 137 162 1326 0 37 36 1408 0 51 107 1756 623 95 135 1406 31 49 83 1015 0 53 112 1509 89 42 86 
22 769 182 59 233 130 881 134 196 1615 655 122 276 808 431 130 244 1648 84 59 195 194 332 81 197 1134 0 51 80 909 61 62 159 1472 10 79 163 695 930 149 144 851 210 57 209 1325 0 38 38 825 519 139 164 1410 0 50 108 1017 0 51 112 1756 625 95 136 1409 26 47 87 1511 88 41 86 
23 1617 661 121 274 120 890 140 189 772 191 61 213 804 433 130 245 191 329 79 204 1648 82 59 199 1133 0 51 81 911 56 62 168 1473 12 79 161 848 217 62 167 686 920 163 148 811 520 133 167 1325 0 39 38 1421 0 48 102 1019 0 49 112 1755 626 95 138 
24 1619 672 123 268 108 895 153 183 798 440 130 239 773 197 65 198 190 332 74 200 1648 77 59 209 1134 0 46 83 691 915 162 156 916 56 60 168 848 216 65 167 1475 13 78 160 1018 0 49 112 1421 0 50 103 808 523 131 166 1326 0 39 37 361 247 58 151 1751 632 84 177 1509 88 43 86 1420 27 52 82 
25 1619 677 122 278 104 903 138 175 793 447 129 233 1648 76 59 207 697 912 159 161 176 343 79 188 1020 0 47 114 1474 13 80 157 770 202 69 191 918 59 62 160 1134 0 45 83 1421 0 52 100 860 221 57 160 806 523 125 171 1328 0 36 35 352 209 68 183 1507 88 46 86 1420 29 55 78 1748 636 87 168 
